Best fit parameters with error are:
H0= 67.42672851796084 with error of 1.035336282011767
omb= 0.02223223526431175 with error of 0.00019807740688953068
omc= 0.11881750877427491 with error of 0.0027035591103939756
tau= 0.05780759945102305 with error of 0.041458359321294457
As= 2.1066083567519e-09 with error of 1.6719578859638047e-10
ns= 0.9650195581916878 with error of 0.005857049124380348
